   5.2454218e-01   5.1069702e-01   4.7084729e-01   4.9277399e-01   5.3022455e-01   4.7595312e-01   5.2487982e-01   4.8919019e-01   5.2133569e-01   5.5448102e-01
   3.2215713e+01   2.0310575e+01   2.0801870e+01   2.1469774e+01   2.2498106e+01   1.9734962e+01   2.0906396e+01   1.9943065e+01   2.1093208e+01   2.0112742e+01
   3.2237389e+01   2.0332694e+01   2.0821935e+01   2.1490043e+01   2.2518956e+01   1.9755075e+01   2.0929478e+01   1.9963807e+01   2.1116288e+01   2.0136227e+01
   8.4338302e+00   8.0672715e+00   9.8388337e+00   9.5077148e+00   1.3221601e+01   1.1934665e+01   6.8759098e+00   8.3459555e+00   6.4816238e+00   9.0281413e+00
   5.4678659e+01   4.0690021e+01   3.9624453e+01   4.1699509e+01   4.2556703e+01   3.8487336e+01   4.1049276e+01   3.9914015e+01   4.1957189e+01   3.9930345e+01
   2.9418335e+01   2.8776550e+01   2.8465210e+01   2.7826111e+01   2.8947083e+01   3.0099121e+01   2.8768066e+01   2.8964355e+01   2.8373535e+01   3.0282288e+01
   8.0557175e-02   6.5445248e-02   6.2393925e-02   6.5157651e-02   6.0797923e-02   5.8990853e-02   7.2390095e-02   6.4785981e-02   6.9452289e-02   6.3421847e-02
   1.7157301e-01   1.6282153e-01   1.6474704e-01   1.6198452e-01   1.6875830e-01   1.6808914e-01   1.6043204e-01   1.6575881e-01   1.5979527e-01   1.6587813e-01
   4.7422464e-02   4.7526003e-02   4.6086482e-02   4.7711942e-02   4.7663101e-02   4.8010617e-02   4.8613240e-02   4.7599181e-02   4.6582605e-02   4.6372550e-02
   4.0330719e-01   3.8733897e-01   3.9123370e-01   3.8358879e-01   4.0224461e-01   4.0810488e-01   3.7475328e-01   3.9032461e-01   3.7491996e-01   3.9360046e-01
   9.9231371e+00   9.9134098e+00   9.9166624e+00   9.9136461e+00   9.9168529e+00   9.9140634e+00   9.9130546e+00   9.9004932e+00   9.9127787e+00   9.9154512e+00
   7.4803927e-02   7.1117659e-02   7.4762509e-02   7.4067642e-02   7.9655739e-02   7.6754192e-02   6.8705920e-02   7.1711531e-02   6.7974716e-02   7.3466102e-02
   5.5516883e+01   5.6085237e+01   5.5880877e+01   5.6249681e+01   5.5770101e+01   5.5454905e+01   5.6378034e+01   5.5938310e+01   5.6481310e+01   5.5835204e+01
   3.9280719e+00   3.0131568e+00   2.9794891e+00   3.0597805e+00   3.2201814e+00   2.9309573e+00   3.0737477e+00   2.9543912e+00   3.0754248e+00   3.0821897e+00
